18
                                    |S,0.5,0.5>               |S,0.5,-0.5>                |P,1.5,1.5>                |P,1.5,0.5>               |P,1.5,-0.5>               |P,1.5,-1.5>                |P,0.5,0.5>               |P,0.5,-0.5>                |D,2.5,2.5>                |D,2.5,1.5>                |D,2.5,0.5>               |D,2.5,-0.5>               |D,2.5,-1.5>               |D,2.5,-2.5>                |D,1.5,1.5>                |D,1.5,0.5>               |D,1.5,-0.5>               |D,1.5,-1.5>
                |S,0.5,0.5>       8.699633171490459560      -0.000000000272704301      -0.039652259382852592       0.045786524912648702       0.022893235646933734       0.000000009060614903      -0.032562486862980272      -0.032562530764040289       0.000024478243836652       0.362954291407019125       0.000013070472099042      -0.255081856164352527       0.000010943028709148      -0.000990153115855832      -0.183166829451198665      -0.000010809034095225       0.317254240667236342      -0.000022220871137780
               |S,0.5,-0.5>       0.000000000042624807       8.699632202734767010       0.000000009083328042      -0.022893412551778358       0.045785764290165287       0.039652566039013924      -0.032562764057945996       0.032561985260483317       0.000990153432288636       0.000010938097373430       0.255081906931286073       0.000013104754433611      -0.362954363730417839       0.000024467327479598       0.000022211304883150       0.317254302371917096       0.000010836479658668      -0.183166865053240785
                |P,1.5,1.5>      -0.039652326947770752       0.000000009189478313      14.193899852227691100       0.007643389771116808      -0.000000289982467355       0.000000000002379981      -0.003766408198700197       0.000000175610467413       0.306907850231373958      -1.200946136980185260       0.231419947017195815      -0.000030264523663983      -0.462797814590929724      -0.001978810527045865       0.607937759864509597      -0.184905840752561279       0.000037134984976486       0.928262074285626015
                |P,1.5,0.5>       0.045786269088684696      -0.022893110110878221       0.007643452091369557      14.193899912078929800      -0.000000011275993880      -0.000000440612697716       0.000000133155595550       0.006523671254728074       0.000027696698108604       0.771568377053914456       0.042392135630628131      -0.358466371787752425      -0.000012317282192373      -0.598611865305131219      -0.184905673540739834      -1.034993426638711080       0.714676146681492486      -0.000037330560342518
               |P,1.5,-0.5>       0.022893274477253502       0.045786005704552581      -0.000000289907168660       0.000000019098641247      14.193899908556113900      -0.007643422892349616       0.006523632600708216      -0.000000068371732942       0.598611876691901745      -0.000012309704770557       0.358466362043471876       0.042392045462239097      -0.771568374821121838       0.000027696171864280       0.000037326111303216       0.714676149998768717       1.034993362448743290      -0.184905669718422982
               |P,1.5,-1.5>       0.000000009170675127       0.039652042056028840       0.000000000019694853      -0.000000440796754476      -0.007643432575827097      14.193899954475981000      -0.000000374487071360      -0.003766436320537935      -0.001978810485299152       0.462797805974662135      -0.000030273755898830      -0.231419933935094441      -1.200946127144949080      -0.306907846230888848       0.928262057174515931      -0.000037146026706355      -0.184905830163769130      -0.607937755042121553
                |P,0.5,0.5>      -0.032562323899180019      -0.032562370290658227      -0.003766449949160269       0.000000137691045343       0.006523663818919345      -0.000000376565179705      14.161182800950626900      -0.000000010699001527      -0.000018393710583475      -0.349346161340021721      -0.988146585078724993       0.494050307189579707      -0.000040981575568680      -0.781226215835502669       0.451715499960541889      -0.521595915815562416      -0.260797873046249240       0.000000067774446528
               |P,0.5,-0.5>      -0.032562583112851720       0.032562147323205601       0.000000172682753208       0.006523620886934099      -0.000000068714082424      -0.003766429644544860       0.000000015582099942      14.161182756669399300      -0.781226233695805572       0.000040972005938601       0.494050316579824844       0.988146532247738740      -0.349346159523619804       0.000018393370474943       0.000000071989921069       0.260797863968795174      -0.521595969826432193      -0.451715500659263691
                |D,2.5,2.5>       0.000024479470412958       0.000990153472660776       0.306907859255484528       0.000027699431615125       0.598611853409641403      -0.001978810456140378      -0.000018395441966660      -0.781226200859178599       9.392993014271947770      -1.647607828310841290       0.000040136533711807      -0.538341039809123068      -0.146898717609908219      -0.000000000058060212       0.832292076603650899      -0.000032384840716993       0.676744177151607507       0.229450031145384731
                |D,2.5,1.5>       0.362954426839253275       0.000010941745943853      -1.200946138994631430       0.771568391056735692      -0.000012330277234849       0.462797816600956424      -0.349346173527973536       0.000040997806943386      -1.647607830925721160       9.655669971826499780      -0.801285821595928538       0.000099384239585540       0.000000000320858207      -0.146898747558911469      -0.102560636351547413      -0.428413476438227248      -0.000086841537802933      -0.894025887005554853
                |D,2.5,0.5>       0.000013064351283272       0.255081945669144272       0.231419999211915584       0.042392131332282090       0.358466351801166649      -0.000030297270801163      -0.988146577825719796       0.494050368667932061       0.000040132159025124      -0.801285809361948265       9.327203343733883040      -0.000000000144619144       0.000099369760730288       0.538341045205844804      -0.898745707187029619       0.251320218206087631      -0.394791184347573931       0.000005943967842025
               |D,2.5,-0.5>      -0.255081952038062387       0.000013090811669054      -0.000030289183898777      -0.358466373194985921       0.042392068000992711      -0.231419950068649710       0.494050326941342155       0.988146548196039087      -0.538341044495321830       0.000099380597116516       0.000000001837562378       9.327203123975033700       0.801285813376134692       0.000040128877353433      -0.000005952727722037      -0.394791187971535229      -0.251320336542543821      -0.898745712370856209
               |D,2.5,-1.5>       0.000010943612172319      -0.362954418139683654      -0.462797796765867520      -0.000012335091448078      -0.771568405139225977      -1.200946124033165590      -0.000041007981231271      -0.349346173509652580      -0.146898717614228153      -0.000000003659966213       0.000099371754933678       0.801285811170426077       9.655670036734081310       1.647607822044478980      -0.894025886860243646       0.000086827123802599      -0.428413472745969859       0.102560651111844120
               |D,2.5,-2.5>      -0.000990153448993908       0.000024475584792336      -0.001978810486811464      -0.598611878972292732       0.000027695494897293      -0.306907840767122353      -0.781226234461469660       0.000018392982142712      -0.000000000052232656      -0.146898747486456649       0.538341043668297603       0.000040137125287844       1.647607847410023530       9.392992979233511620      -0.229450090060242473       0.676744181955208690       0.000032385315458429       0.832292085913732826
                |D,1.5,1.5>      -0.183166897424445335       0.000022218610933487       0.607937760813525241      -0.184905683719219754       0.000037335537155940       0.928262075628960015       0.451715502858970219       0.000000058778507425       0.832292077737309399      -0.102560638365044837      -0.898745720802474946      -0.000005945789484348      -0.894025886391678903      -0.229450092510480125       9.728174607839392250      -1.415568624833346780       0.000081344731178104       0.000000000396702801
                |D,1.5,0.5>      -0.000010804108866296       0.317254350191432222      -0.184905881312902171      -1.034993422897080740       0.714676197131663526      -0.000037172781563182      -0.521595916624659095       0.260797848494466244      -0.000032381278141296      -0.428413469922671652       0.251320215650958745      -0.394791184460749789       0.000086829304141888       0.676744183482458239      -1.415568604373796950       9.728092270255126910       0.000000000166287127       0.000081333869796271
               |D,1.5,-0.5>       0.317254358573968442       0.000010825467760252       0.000037164812139796       0.714676167179214672       1.034993383728622040      -0.184905841884980826      -0.260797873669089131      -0.521595957043843095       0.676744182959081009      -0.000086845177467774      -0.394791188982543006      -0.251320333688624553      -0.428413472192812783       0.000032378757611004       0.000081338906548219       0.000000001539624513       9.728092108380678840       1.415568611549331110
               |D,1.5,-1.5>      -0.000022221889800648      -0.183166892810680215       0.928262036791602352      -0.000037341734520830      -0.184905677909832589      -0.607937753473130393       0.000000057481617669      -0.451715518813223416       0.229450027523322053      -0.894025881564192493       0.000005940298947295      -0.898745711331851216       0.102560650624210797       0.832292073427884693      -0.000000003285130052       0.000081336954935539       1.415568608810572780       9.728174650682635870
